service_id,monday,tuesday,wednesday,thursday,friday,saturday,sunday,start_date,end_date
1,0,0,0,0,0,0,1,20200428,20200522
10,0,0,0,0,1,0,0,20200428,20200522
14,0,0,0,0,0,1,0,20200428,20200522
15,1,1,1,1,1,0,0,20200428,20200522
19,0,0,1,0,0,0,0,20200428,20200522
20,0,0,0,0,0,0,1,20200428,20200522
21,0,0,0,0,0,0,1,20200428,20200522
25,0,0,0,1,0,0,0,20200428,20200522
28,1,1,1,1,1,0,0,20200428,20200522
29,1,1,1,1,1,0,0,20200428,20200522
32,1,1,1,1,1,0,0,20200428,20200522
33,0,0,0,0,0,1,1,20200428,20200522
34,0,1,0,0,0,0,0,20200428,20200522
35,0,0,0,1,0,0,0,20200428,20200522
36,0,0,0,0,1,0,0,20200428,20200522
38,1,1,1,1,0,0,0,20200428,20200522
39,0,1,1,1,1,0,0,20200428,20200522
40,1,1,1,0,1,0,0,20200428,20200522
41,1,0,1,1,1,0,0,20200428,20200522
42,1,1,0,1,1,0,0,20200428,20200522
46,1,0,1,1,1,0,0,20200428,20200522
53,1,1,1,0,0,0,0,20200428,20200522
56,0,0,0,0,0,1,0,20200428,20200522
60,1,1,1,1,0,0,0,20200428,20200522
61,1,0,1,0,1,0,0,20200428,20200522
62,0,1,0,1,0,0,0,20200428,20200522
71,1,0,0,0,0,0,0,20200428,20200522
72,0,1,0,0,0,0,0,20200428,20200522
73,0,0,1,0,0,0,0,20200428,20200522
80,1,0,0,0,1,0,0,20200428,20200522
88,0,0,0,0,0,0,1,20200428,20200522
127,0,0,0,0,0,1,0,20200428,20200522
128,0,0,0,0,0,0,1,20200428,20200522
143,1,1,1,1,0,0,0,20200428,20200522
180,1,1,1,1,1,0,0,20200428,20200522
183,0,0,0,0,0,1,1,20200428,20200522
184,0,0,0,0,0,0,1,20200428,20200522
207,0,0,0,0,0,0,0,20200428,20200522
210,0,0,0,0,0,0,0,20200428,20200522
217,0,0,0,0,0,0,0,20200428,20200522
218,0,0,0,0,0,0,0,20200428,20200522
219,0,0,0,0,0,0,0,20200428,20200522
220,0,0,0,0,0,0,0,20200428,20200522
223,0,0,0,0,0,0,0,20200428,20200522
224,0,0,0,0,0,0,0,20200428,20200522
233,0,0,0,0,0,0,0,20200428,20200522
234,0,0,0,0,0,0,0,20200428,20200522
237,0,0,0,0,0,0,0,20200428,20200522
238,0,0,0,0,0,0,0,20200428,20200522
239,0,0,0,0,0,0,0,20200428,20200522
240,0,0,0,0,0,0,0,20200428,20200522
241,0,0,0,0,0,0,0,20200428,20200522
242,0,0,0,0,0,0,0,20200428,20200522
243,0,0,0,0,0,0,0,20200428,20200522
244,0,0,0,0,0,0,0,20200428,20200522
245,0,0,0,0,0,0,0,20200428,20200522
248,0,0,0,0,0,0,0,20200428,20200522
249,0,0,0,0,0,0,0,20200428,20200522
250,0,0,0,0,0,0,0,20200428,20200522
252,1,1,1,1,1,0,0,20200428,20200522
262,0,0,0,0,0,0,0,20200428,20200522
263,0,0,0,0,0,0,0,20200428,20200522
264,0,0,0,0,0,0,0,20200428,20200522
265,0,0,0,0,0,0,0,20200428,20200522
266,0,0,0,0,0,0,0,20200428,20200522
267,0,0,0,0,0,0,0,20200428,20200522
268,0,0,0,0,0,0,0,20200428,20200522
269,0,0,0,0,0,0,0,20200428,20200522
271,0,0,0,0,0,0,0,20200428,20200522
272,0,0,0,0,0,0,0,20200428,20200522
287,0,0,0,0,0,0,0,20200428,20200522
288,0,0,0,0,0,0,0,20200428,20200522
336,0,0,0,0,0,0,0,20200428,20200522
337,0,0,0,0,0,0,0,20200428,20200522
342,0,0,0,0,0,0,0,20200428,20200522
343,0,0,0,0,0,0,0,20200428,20200522
352,1,1,1,1,1,0,0,20200428,20200522
353,1,1,1,1,1,0,0,20200428,20200522
354,0,0,0,0,0,1,0,20200428,20200522
357,1,1,1,1,1,0,0,20200428,20200522
358,1,1,1,1,1,0,0,20200428,20200522
359,1,1,1,1,1,0,0,20200428,20200522
360,1,1,1,1,1,0,0,20200428,20200522
361,1,1,1,1,1,0,0,20200428,20200522
362,1,1,1,1,1,0,0,20200428,20200522
369,0,0,0,0,0,1,0,20200428,20200522
370,0,0,0,0,0,1,0,20200428,20200522
371,0,0,0,0,0,1,0,20200428,20200522
372,0,0,0,0,0,1,0,20200428,20200522
373,0,0,0,0,0,1,0,20200428,20200522
374,0,0,0,0,0,1,0,20200428,20200522
375,0,0,0,0,0,0,1,20200428,20200522
376,0,0,0,0,0,0,1,20200428,20200522
377,0,0,0,0,0,0,1,20200428,20200522
378,0,0,0,0,0,0,1,20200428,20200522
379,0,0,0,0,0,0,1,20200428,20200522
380,0,0,0,0,0,0,1,20200428,20200522
394,0,0,0,0,0,0,0,20200428,20200522
396,0,0,0,0,0,0,0,20200428,20200522
414,1,0,1,0,1,0,0,20200428,20200522
415,0,0,0,0,0,0,0,20200428,20200522
421,1,1,1,1,1,0,0,20200428,20200522
428,0,0,0,0,0,1,0,20200428,20200522
429,0,0,0,0,0,1,0,20200428,20200522
430,0,0,0,0,0,1,0,20200428,20200522
431,0,0,0,0,0,1,0,20200428,20200522
432,0,0,0,0,0,1,0,20200428,20200522
438,0,0,0,0,0,1,0,20200428,20200522
439,0,0,0,0,0,1,0,20200428,20200522
444,0,1,0,1,0,0,0,20200428,20200522
471,0,1,1,1,0,0,0,20200428,20200522
472,1,1,1,1,1,0,0,20200428,20200522
473,1,1,1,1,1,0,0,20200428,20200522
474,1,1,1,1,1,0,0,20200428,20200522
475,0,0,0,1,0,0,0,20200428,20200522
476,0,0,0,0,1,0,0,20200428,20200522
477,0,0,0,0,0,1,0,20200428,20200522
478,1,1,1,1,1,0,0,20200428,20200522
479,0,0,0,0,0,1,0,20200428,20200522
480,0,0,0,0,1,0,0,20200428,20200522
482,0,0,0,0,0,1,0,20200428,20200522
483,1,0,0,0,1,0,0,20200428,20200522
484,0,1,0,1,0,0,0,20200428,20200522
485,1,1,1,1,1,0,0,20200428,20200522
486,0,0,1,0,0,0,0,20200428,20200522
487,0,0,0,0,0,0,1,20200428,20200522
488,1,1,1,1,1,0,0,20200428,20200522
489,1,1,1,1,1,0,0,20200428,20200522
490,1,1,1,1,1,1,0,20200428,20200522
492,0,0,0,1,0,0,0,20200428,20200522
493,1,1,1,1,1,0,0,20200428,20200522
494,1,1,1,1,1,0,0,20200428,20200522
495,0,0,0,0,0,1,0,20200428,20200522
496,1,1,1,1,1,1,0,20200428,20200522
497,0,0,0,0,0,1,0,20200428,20200522
499,0,0,1,0,0,0,0,20200428,20200522
500,0,1,0,0,0,0,0,20200428,20200522
501,1,1,1,0,1,0,0,20200428,20200522
502,1,1,0,1,1,0,0,20200428,20200522
503,1,0,1,1,1,0,0,20200428,20200522
504,1,1,1,0,1,0,0,20200428,20200522
505,0,0,0,0,0,1,0,20200428,20200522
S71395_32,1,1,1,1,1,0,0,20200428,20200502
S71395_14,0,0,0,0,0,1,0,20200428,20200502
S71395_21,0,0,0,0,0,0,1,20200428,20200502
S73330_32,1,1,1,1,1,0,0,20200503,20200522
S73330_14,0,0,0,0,0,1,0,20200503,20200522
S73330_21,0,0,0,0,0,0,1,20200503,20200522
S73320_435,0,0,0,0,0,1,0,20200503,20200522
S73320_440,0,0,0,0,0,1,0,20200503,20200522
S73320_441,0,0,0,0,0,1,0,20200503,20200522
S73321_435,0,0,0,0,0,1,0,20200503,20200522
S73321_440,0,0,0,0,0,1,0,20200503,20200522
S73321_441,0,0,0,0,0,1,0,20200503,20200522
S73227_15,1,1,1,1,1,0,0,20200503,20200522
S72988_435,0,0,0,0,0,1,0,20200428,20200502
S72988_511,1,1,1,1,1,0,0,20200428,20200502
S73323_511,1,1,1,1,1,0,0,20200503,20200522
S72989_435,0,0,0,0,0,1,0,20200428,20200502
S72989_511,1,1,1,1,1,0,0,20200428,20200502
S73324_511,1,1,1,1,1,0,0,20200503,20200522
S72934_440,0,0,0,0,0,1,0,20200428,20200502
S72934_441,0,0,0,0,0,1,0,20200428,20200502
S72934_511,1,1,1,1,1,0,0,20200428,20200502
S73325_511,1,1,1,1,1,0,0,20200503,20200522
S72944_440,0,0,0,0,0,1,0,20200428,20200502
S72944_441,0,0,0,0,0,1,0,20200428,20200502
S72944_511,1,1,1,1,1,0,0,20200428,20200502
S73326_511,1,1,1,1,1,0,0,20200503,20200522
S72064_440,0,0,0,0,0,1,0,20200428,20200502
S72064_441,0,0,0,0,0,1,0,20200428,20200502
S72065_440,0,0,0,0,0,1,0,20200428,20200502
S72065_441,0,0,0,0,0,1,0,20200428,20200502
S72899_511,1,1,1,1,1,0,0,20200429,20200522
S72901_511,1,1,1,1,1,0,0,20200429,20200522
S72933_511,1,1,1,1,1,0,0,20200429,20200522
S72970_511,1,1,1,1,1,0,0,20200429,20200522
S72971_511,1,1,1,1,1,0,0,20200429,20200522
S72985_511,1,1,1,1,1,0,0,20200429,20200522
S72986_511,1,1,1,1,1,0,0,20200429,20200522
S72987_511,1,1,1,1,1,0,0,20200429,20200522
S73040_511,1,1,1,1,1,0,0,20200429,20200522
S72990_358,1,1,1,1,1,0,0,20200429,20200522
S72990_495,0,0,0,0,0,1,0,20200429,20200522
S72997_362,1,1,1,1,1,0,0,20200429,20200522
S72997_380,0,0,0,0,0,0,1,20200429,20200522
S72997_495,0,0,0,0,0,1,0,20200429,20200522
S72997_374,0,0,0,0,0,1,0,20200429,20200522
S69311_19,0,0,1,0,0,0,0,20200428,20200502
S73186_19,0,0,1,0,0,0,0,20200503,20200522
S69253_32,1,1,1,1,1,0,0,20200428,20200502
S73187_32,1,1,1,1,1,0,0,20200503,20200522
S69254_32,1,1,1,1,1,0,0,20200428,20200502
S73188_32,1,1,1,1,1,0,0,20200503,20200522
S71110_15,1,1,1,1,1,0,0,20200428,20200502
S72068_433,0,0,0,0,0,1,0,20200428,20200502
S72068_434,0,0,0,0,0,1,0,20200428,20200502
S73314_433,0,0,0,0,0,1,0,20200503,20200522
S73314_434,0,0,0,0,0,1,0,20200503,20200522
S72066_433,0,0,0,0,0,1,0,20200428,20200502
S72066_434,0,0,0,0,0,1,0,20200428,20200502
S73315_433,0,0,0,0,0,1,0,20200503,20200522
S73315_434,0,0,0,0,0,1,0,20200503,20200522
S68668_32,1,1,1,1,1,0,0,20200428,20200502
S68668_14,0,0,0,0,0,1,0,20200428,20200502
S68668_21,0,0,0,0,0,0,1,20200428,20200502
S71311_32,1,1,1,1,1,0,0,20200503,20200522
S71311_14,0,0,0,0,0,1,0,20200503,20200522
S71311_21,0,0,0,0,0,0,1,20200503,20200522
S61940_32,1,1,1,1,1,0,0,20200428,20200502
S71308_32,1,1,1,1,1,0,0,20200503,20200522
S61941_32,1,1,1,1,1,0,0,20200428,20200502
S71309_32,1,1,1,1,1,0,0,20200503,20200522
S61942_32,1,1,1,1,1,0,0,20200428,20200502
S71310_32,1,1,1,1,1,0,0,20200503,20200522
S68674_32,1,1,1,1,1,0,0,20200428,20200502
S68674_14,0,0,0,0,0,1,0,20200428,20200502
S68674_21,0,0,0,0,0,0,1,20200428,20200502
S71312_32,1,1,1,1,1,0,0,20200503,20200522
S71312_14,0,0,0,0,0,1,0,20200503,20200522
S71312_21,0,0,0,0,0,0,1,20200503,20200522
S70787_15,1,1,1,1,1,0,0,20200428,20200502
S72327_15,1,1,1,1,1,0,0,20200503,20200522
S68672_15,1,1,1,1,1,0,0,20200428,20200502
S72328_15,1,1,1,1,1,0,0,20200503,20200522
S68673_15,1,1,1,1,1,0,0,20200428,20200502
S72329_15,1,1,1,1,1,0,0,20200503,20200522
S68675_15,1,1,1,1,1,0,0,20200428,20200502
S72330_15,1,1,1,1,1,0,0,20200503,20200522
S68677_15,1,1,1,1,1,0,0,20200428,20200502
S72331_15,1,1,1,1,1,0,0,20200503,20200522
S68678_15,1,1,1,1,1,0,0,20200428,20200502
S72332_15,1,1,1,1,1,0,0,20200503,20200522
S68670_32,1,1,1,1,1,0,0,20200428,20200502
S71575_32,1,1,1,1,1,0,0,20200503,20200522
S70520_32,1,1,1,1,1,0,0,20200428,20200502
S70520_14,0,0,0,0,0,1,0,20200428,20200502
S70520_21,0,0,0,0,0,0,1,20200428,20200502
S71325_496,1,1,1,1,1,1,0,20200503,20200522
S71325_32,1,1,1,1,1,0,0,20200503,20200522
S71325_14,0,0,0,0,0,1,0,20200503,20200522
S71325_21,0,0,0,0,0,0,1,20200503,20200522
S70519_32,1,1,1,1,1,0,0,20200428,20200502
S70519_14,0,0,0,0,0,1,0,20200428,20200502
S70519_21,0,0,0,0,0,0,1,20200428,20200502
S71326_496,1,1,1,1,1,1,0,20200503,20200522
S71326_32,1,1,1,1,1,0,0,20200503,20200522
S71326_14,0,0,0,0,0,1,0,20200503,20200522
S71326_21,0,0,0,0,0,0,1,20200503,20200522
S63963_32,1,1,1,1,1,0,0,20200428,20200502
S63963_14,0,0,0,0,0,1,0,20200428,20200502
S63963_21,0,0,0,0,0,0,1,20200428,20200502
S71524_496,1,1,1,1,1,1,0,20200503,20200522
S71524_32,1,1,1,1,1,0,0,20200503,20200522
S71524_14,0,0,0,0,0,1,0,20200503,20200522
S71524_21,0,0,0,0,0,0,1,20200503,20200522
S63964_32,1,1,1,1,1,0,0,20200428,20200502
S63964_15,1,1,1,1,1,0,0,20200428,20200502
S71525_496,1,1,1,1,1,1,0,20200503,20200522
S71525_32,1,1,1,1,1,0,0,20200503,20200522
S71525_15,1,1,1,1,1,0,0,20200503,20200522
S63966_32,1,1,1,1,1,0,0,20200428,20200502
S63966_14,0,0,0,0,0,1,0,20200428,20200502
S63966_21,0,0,0,0,0,0,1,20200428,20200502
S71526_496,1,1,1,1,1,1,0,20200503,20200522
S71526_32,1,1,1,1,1,0,0,20200503,20200522
S71526_14,0,0,0,0,0,1,0,20200503,20200522
S71526_21,0,0,0,0,0,0,1,20200503,20200522
S63968_32,1,1,1,1,1,0,0,20200428,20200502
S63968_14,0,0,0,0,0,1,0,20200428,20200502
S63968_15,1,1,1,1,1,0,0,20200428,20200502
S63968_21,0,0,0,0,0,0,1,20200428,20200502
S71527_496,1,1,1,1,1,1,0,20200503,20200522
S71527_32,1,1,1,1,1,0,0,20200503,20200522
S71527_14,0,0,0,0,0,1,0,20200503,20200522
S71527_15,1,1,1,1,1,0,0,20200503,20200522
S71527_21,0,0,0,0,0,0,1,20200503,20200522
S63969_32,1,1,1,1,1,0,0,20200428,20200502
S63969_14,0,0,0,0,0,1,0,20200428,20200502
S63969_21,0,0,0,0,0,0,1,20200428,20200502
S71528_496,1,1,1,1,1,1,0,20200503,20200522
S71528_32,1,1,1,1,1,0,0,20200503,20200522
S71528_14,0,0,0,0,0,1,0,20200503,20200522
S71528_21,0,0,0,0,0,0,1,20200503,20200522
S63965_15,1,1,1,1,1,0,0,20200428,20200502
S73260_15,1,1,1,1,1,0,0,20200503,20200522
S63967_42,1,1,0,1,1,0,0,20200428,20200502
S63967_19,0,0,1,0,0,0,0,20200428,20200502
S73261_42,1,1,0,1,1,0,0,20200503,20200522
S73261_19,0,0,1,0,0,0,0,20200503,20200522
S71978_430,0,0,0,0,0,1,0,20200428,20200502
S71978_429,0,0,0,0,0,1,0,20200428,20200502
S73316_430,0,0,0,0,0,1,0,20200503,20200522
S73316_429,0,0,0,0,0,1,0,20200503,20200522
S71979_430,0,0,0,0,0,1,0,20200428,20200502
S71979_429,0,0,0,0,0,1,0,20200428,20200502
S73317_430,0,0,0,0,0,1,0,20200503,20200522
S73317_429,0,0,0,0,0,1,0,20200503,20200522
S68669_32,1,1,1,1,1,0,0,20200428,20200502
S73183_32,1,1,1,1,1,0,0,20200503,20200522
S72008_438,0,0,0,0,0,1,0,20200428,20200509
S72384_438,0,0,0,0,0,1,0,20200510,20200522
S71971_431,0,0,0,0,0,1,0,20200428,20200509
S72380_431,0,0,0,0,0,1,0,20200510,20200522
S71972_431,0,0,0,0,0,1,0,20200428,20200509
S72382_431,0,0,0,0,0,1,0,20200510,20200522
S71973_438,0,0,0,0,0,1,0,20200428,20200509
S71973_439,0,0,0,0,0,1,0,20200428,20200509
S72383_438,0,0,0,0,0,1,0,20200510,20200522
S72383_439,0,0,0,0,0,1,0,20200510,20200522
S71974_438,0,0,0,0,0,1,0,20200428,20200509
S71974_439,0,0,0,0,0,1,0,20200428,20200509
S72385_438,0,0,0,0,0,1,0,20200510,20200522
S72385_439,0,0,0,0,0,1,0,20200510,20200522
S70454_15,1,1,1,1,1,0,0,20200428,20200502
S70870_42,1,1,0,1,1,0,0,20200503,20200522
S70870_19,0,0,1,0,0,0,0,20200503,20200522
T2334071,1,1,1,1,1,0,0,20200428,20200502
T2336427,1,1,1,1,1,0,0,20200428,20200502
T2340042,1,1,1,1,1,0,0,20200428,20200522
T2340043,1,1,1,1,1,0,0,20200428,20200522
T2340185,0,0,0,0,0,0,1,20200428,20200522
T2340186,0,0,0,0,0,0,1,20200428,20200522
T2340187,0,0,0,0,0,0,1,20200428,20200522
T2340188,0,0,0,0,0,0,1,20200428,20200522
T2340189,0,0,0,0,0,0,1,20200428,20200522
T2340201,1,1,1,1,1,0,0,20200428,20200522
T2340202,1,1,1,1,1,0,0,20200428,20200522
T2340203,1,1,1,1,1,0,0,20200428,20200522
T2340204,1,1,1,1,1,0,0,20200428,20200522
T2340350,0,0,0,0,0,0,1,20200428,20200522
T2340351,0,0,0,0,0,0,1,20200428,20200522
T2340352,0,0,0,0,0,0,1,20200428,20200522
T2340353,0,0,0,0,0,0,1,20200428,20200522
T2340395,1,1,1,1,1,0,0,20200428,20200522
T2340396,1,1,1,1,1,0,0,20200428,20200522
T2340397,1,1,1,1,1,0,0,20200428,20200522
T2340398,1,1,1,1,1,0,0,20200428,20200522
T2340399,1,1,1,1,1,0,0,20200428,20200522
T2340400,1,1,1,1,1,0,0,20200428,20200522
T2340745,0,0,0,0,0,1,0,20200428,20200522
T2340746,0,0,0,0,0,1,0,20200428,20200522
T2340747,0,0,0,0,0,1,0,20200428,20200522
T2340748,0,0,0,0,0,1,0,20200428,20200522
T2340749,0,0,0,0,0,1,0,20200428,20200522
T2340750,0,0,0,0,0,1,0,20200428,20200522
T2340751,0,0,0,0,0,1,0,20200428,20200522
T2340752,0,0,0,0,0,1,0,20200428,20200522
T2340928,0,0,0,0,0,1,0,20200428,20200522
T2340929,0,0,0,0,0,1,0,20200428,20200522
T2340930,0,0,0,0,0,1,0,20200428,20200522
T2340931,0,0,0,0,0,1,0,20200428,20200522
T2340932,0,0,0,0,0,1,0,20200428,20200522
T2340933,0,0,0,0,0,1,0,20200428,20200522
T2340934,0,0,0,0,0,1,0,20200428,20200522
T2341301,0,0,0,0,0,0,1,20200428,20200522
T2341302,0,0,0,0,0,0,1,20200428,20200522
T2341303,0,0,0,0,0,0,1,20200428,20200522
T2341304,0,0,0,0,0,0,1,20200428,20200522
T2341421,1,1,1,1,1,0,0,20200428,20200522
T2341422,1,1,1,1,1,0,0,20200428,20200522
T2341423,1,1,1,1,1,0,0,20200428,20200522
T2341424,1,1,1,1,1,0,0,20200428,20200522
T2341425,1,1,1,1,1,0,0,20200428,20200522
T2341764,0,0,0,0,0,0,1,20200428,20200522
T2341765,0,0,0,0,0,0,1,20200428,20200522
T2341766,0,0,0,0,0,0,1,20200428,20200522
T2341767,0,0,0,0,0,0,1,20200428,20200522
T2341768,0,0,0,0,0,0,1,20200428,20200522
T2341847,1,1,1,1,1,0,0,20200428,20200522
T2341848,1,1,1,1,1,0,0,20200428,20200522
T2341849,1,1,1,1,1,0,0,20200428,20200522
T2341850,1,1,1,1,1,0,0,20200428,20200522
T2341851,1,1,1,1,1,0,0,20200428,20200522
T2342033,0,0,0,0,0,0,1,20200428,20200522
T2342063,0,0,0,0,0,0,1,20200428,20200522
T2342064,0,0,0,0,0,0,1,20200428,20200522
T2342065,0,0,0,0,0,0,1,20200428,20200522
T2342066,0,0,0,0,0,0,1,20200428,20200522
T2342067,0,0,0,0,0,0,1,20200428,20200522
T2342092,0,0,0,0,0,0,1,20200428,20200522
T2342093,0,0,0,0,0,0,1,20200428,20200522
T2342094,0,0,0,0,0,0,1,20200428,20200522
T2342095,0,0,0,0,0,0,1,20200428,20200522
T2342120,0,0,0,0,0,0,1,20200428,20200522
T2342516,0,0,0,0,0,0,1,20200428,20200522
T2342517,0,0,0,0,0,0,1,20200428,20200522
T2342518,0,0,0,0,0,0,1,20200428,20200522
T2342519,0,0,0,0,0,0,1,20200428,20200522
T2342543,1,1,1,1,1,0,0,20200428,20200522
T2342544,1,1,1,1,1,0,0,20200428,20200522
T2342545,1,1,1,1,1,0,0,20200428,20200522
T2342546,1,1,1,1,1,0,0,20200428,20200522
T2342547,1,1,1,1,1,0,0,20200428,20200522
T2342737,1,1,1,1,1,0,0,20200428,20200522
T2342738,1,1,1,1,1,0,0,20200428,20200522
T2342739,1,1,1,1,1,0,0,20200428,20200522
T2342740,1,1,1,1,1,0,0,20200428,20200522
T2342741,1,1,1,1,1,0,0,20200428,20200522
T2342742,1,1,1,1,1,0,0,20200428,20200522
T2342743,1,1,1,1,1,0,0,20200428,20200522
T2342744,1,1,1,1,1,0,0,20200428,20200522
T2342745,1,1,1,1,1,0,0,20200428,20200522
T2342746,1,1,1,1,1,0,0,20200428,20200522
T2342747,1,1,1,1,1,0,0,20200428,20200522
T2342748,1,1,1,1,1,0,0,20200428,20200522
T2342853,0,0,0,0,0,0,1,20200428,20200522
T2342854,0,0,0,0,0,0,1,20200428,20200522
T2342855,0,0,0,0,0,0,1,20200428,20200522
T2342856,0,0,0,0,0,0,1,20200428,20200522
T2342857,0,0,0,0,0,0,1,20200428,20200522
T2342858,0,0,0,0,0,0,1,20200428,20200522
T2342859,0,0,0,0,0,0,1,20200428,20200522
T2342860,0,0,0,0,0,0,1,20200428,20200522
T2342861,0,0,0,0,0,0,1,20200428,20200522
T2342983,0,0,0,0,0,0,1,20200428,20200522
T2342984,0,0,0,0,0,0,1,20200428,20200522
T2342985,0,0,0,0,0,0,1,20200428,20200522
T2342986,0,0,0,0,0,0,1,20200428,20200522
T2342987,0,0,0,0,0,0,1,20200428,20200522
T2342988,0,0,0,0,0,0,1,20200428,20200522
T2343215,1,1,1,1,1,0,0,20200428,20200522
T2343216,1,1,1,1,1,0,0,20200428,20200522
T2343217,1,1,1,1,1,0,0,20200428,20200522
T2343218,1,1,1,1,1,0,0,20200428,20200522
T2343219,1,1,1,1,1,0,0,20200428,20200522
T2343220,1,1,1,1,1,0,0,20200428,20200522
T2343261,1,1,1,1,1,0,0,20200428,20200522
T2343262,1,1,1,1,1,0,0,20200428,20200522
T2343263,1,1,1,1,1,0,0,20200428,20200522
T2343264,1,1,1,1,1,0,0,20200428,20200522
T2343265,1,1,1,1,1,0,0,20200428,20200522
T2343266,1,1,1,1,1,0,0,20200428,20200522
T2372258,0,0,0,0,0,1,0,20200428,20200522
T2391597,1,1,1,1,1,0,0,20200429,20200522
T2391598,1,1,1,1,1,0,0,20200429,20200522
T2391599,1,1,1,1,1,0,0,20200429,20200522
T2391600,1,1,1,1,1,0,0,20200429,20200522
T2391601,1,1,1,1,1,0,0,20200429,20200522
T2391602,1,1,1,1,1,0,0,20200429,20200522
T2391955,1,1,1,1,1,0,0,20200429,20200522
T2392002,0,0,0,0,0,0,1,20200429,20200522
T2392003,0,0,0,0,0,0,1,20200429,20200522
T2392004,0,0,0,0,0,0,1,20200429,20200522
T2392005,0,0,0,0,0,0,1,20200429,20200522
T2392006,0,0,0,0,0,0,1,20200429,20200522
T2392084,1,1,1,1,1,0,0,20200429,20200522
T2392085,1,1,1,1,1,0,0,20200429,20200522
T2392086,1,1,1,1,1,0,0,20200429,20200522
T2392087,1,1,1,1,1,0,0,20200429,20200522
T2392088,1,1,1,1,1,0,0,20200429,20200522
T2401926,1,1,1,1,1,0,0,20200503,20200522
